0001
0003
0006
0008
0011
0012
0013
0016
0017
0018
0019
0021
0022
0023
0025
0026
0027
0028
0029
0030
0032
0033
0034
0035
0036
0038
0039
0041
0042
0045
0047
0048
0049
0050
0051
0054
0056
0057
0058
0059
0060
0061
0063
0064
0067
0068
0069
0070
0072
0073
0074
0075
0076
0077
0079
0080
0081
0083
0084
0085
0086
0087
0088
0090
0091
0092
0093
0096
0098
0099
0100
0101
0102
0105
0106
0108
0109
0112
0113
0114
0116
0122
0123
0124
0126
0127
0128
0129
0130
0133
0135
0137
0150
0151
0157
0159
0167
0169
0170
0171
0172
0174
0176
0180
0182
0183
0184
0185
0186
0187
0188
0190
0191
0193
0194
0195
0196
0197
0198
0199
0201
0202
0204
0206
0208
0209
0210
0211
0213
0216
0217
0219
0221
0224
0225
0226
0227
0228
0230
0232
0233
0234
0235
0236
0239
0240
0241
0244
0245
0246
0247
0249
0250
0251
0252
0253
0254
0255
0256
0257
0258
0260
0262
0263
0265
0266
0267
0268
0270
0272
0273
0274
0275
0277
0278
0279
0280
0281
0283
0285
0286
0287
0288
0289
0290
0291
0293
0294
0295
0296
0298
0300
0303
0304
0307
0308
0309
0310
0311
0312
0313
0314
0315
0316
0317
0318
0319
0321
0322
0324
0325
0326
0328
0330
0333
0334
0335
0338
0339
0342
0343
0345
0346
0349
0350
0353
0356
0357
0358
0359
0360
0361
0362
0363
0366
0367
0368
0369
0370
0372
0373
0374
0375
0376
0377
0378
0380
0381
0382
0383
0384
0385
0386
0388
0390
0391
0393
0395
0396
0397
0398
0399
0400
0401
0404
0405
0408
0409
0410
0411
0412
0413
0414
0415
0416
0417
0418
0419
0420
0422
0423
0424
0426
0427
0428
0429
0430
0431
0433
0434
0435
0436
0437
0438
0439
0440
0441
0442
0444
0445
0448
0453
0455
0456
0457
0458
0460
0464
0467
0468
0469
0470
0472
0473
0475
0476
0477
0478
0479
0481
0484
0486
0487
0488
0489
0491
0492
0493
0494
0496
0497
0499
0500
0503
0505
0506
0508
0509
0510
0512
0513
0516
0517
0520
0522
0524
0526
0527
0529
0530
0532
0533
0534
0535
0536
0537
0538
0539
0540
0541
0542
0543
0544
0545
0546
0547
0549
0550
0551
0554
0558
0559
0561
0563
0564
0565
0567
0568
0569
0571
0573
0574
0575
0576
0582
0585
0586
0587
0589
0590
0591
0592
0593
0594
0595
0596
0597
0599
0600
0601
0602
0603
0604
0605
0607
0608
0609
0611
0612
0613
0616
0617
0618
0619
0620
0622
0623
0624
0626
0627
0629
0630
0631
0632
0634
0635
0636
0637
0638
0639
0641
0642
0644
0645
0646
0647
0648
0649
0650
0651
0653
0654
0655
0660
0664
0666
0667
0669
0670
0671
0672
0673
0674
0675
0676
0677
0678
0681
0682
0683
0684
0686
0687
0688
0689
0690
0691
0693
0694
0696
0697
0698
0700
0701
0702
0703
0704
0706
0707
0709
0711
0713
0714
0715
0716
0717
0718
0721
0722
0724
0725
0726
0727
0728
0729
0730
0731
0732
0733
0734
0735
0737
0739
0740
0742
0744
0745
0746
0747
0748
0749
0752
0753
0754
0755
0758
0760
0761
0762
0764
0765
0766
0767
0768
0769
0770
0771
0772
0773
0777
0778
0779
0782
0783
0784
0785
0786
0787
0788
0789
0790
0795
0796
0798
0799
0800
0801
0802
0803
0806
0807
0808
0809
0810
0811
0812
0813
0814
0816
0817
0818
0819
0820
0821
0822
0823
0824
0825
0827
0828
0829
0830
0832
0834
0835
0836
0838
0839
0841
0843
0844
0845
0846
0847
0850
0851
0853
0854
0855
0856
0858
0859
0860
0861
0862
0863
0864
0866
0867
0868
0871
0872
0873
0876
0877
0878
0879
0884
0885
0886
0887
0888
0890
0891
0892
0894
0895
0896
0899
0900
0901
0902
0903
0904
0905
0907
0908
0909
0910
0911
0912
0914
0917
0919
0921
0922
0924
0925
0926
0928
0929
0930
0931
0932
0933
0937
0938
0939
0942
0946
0948
0949
0950
0951
0953
0957
0958
0959
0960
0961
0964
0965
0966
0967
0968
0969
0973
0975
0976
0978
0979
0980
0981
0982
0983
0985
0986
0987
0988
0990
0991
0994
0995
0996
0997
0998
0999
1000
1002
1003
1004
1005
1006
1007
1009
1013
1014
1015
1017
1018
1019
1020
1021
1022
1023
1024
1025
1027
1028
1029
1030
1032
1033
1034
1035
1036
1037
1039
1040
1042
1043
1044
old_00000090L
old_00000330L
old_00000400L
old_00001235L
old_00001300L
old_00001450L
old_00005600L
old_0001
old_00010690L
old_00011975L
old_0003
old_0004
old_0005
old_0006
old_0007
old_0009
old_0010
old_0011
old_0012
old_0013
old_0014
old_0016
old_0017
old_0018
old_0019
old_0020
old_0021
old_0022
old_0024
old_0025
old_0027
old_0028
old_0029
old_0030
old_0031
old_0032
old_0034
old_0035
old_0037
old_0038
old_0040
old_0041
old_0043
old_0044
old_0045
old_0047
old_0048
old_0050
old_0051
old_0052
old_0053
old_0056
old_0057
old_0061
old_0062
old_0063
old_0064
old_0065
old_0066
old_0067
old_0069
old_0070
old_0071
old_0074
old_0075
old_0078
old_0080
old_0082
old_0083
old_0084
old_0087
old_0088
old_0091
old_0092
old_0093
old_0094
old_0095
old_0097
old_0098
old_0099
old_0100
old_0101
old_0102
old_0103
old_0107
old_0108
old_0109
old_0110
old_0111
old_0112
old_0114
old_0115
old_0116
old_0119
old_0120
old_0122
old_0123
old_0124
old_0125
old_0126
old_0127
old_0128
old_0129
old_0130
old_0132
old_0133
old_0134
old_0135
old_0136
old_0137
old_0140
old_0141
old_0142
old_0143
old_0145
old_0146
old_0147
old_0148
old_0149
old_0150
old_0152
old_0154
old_0155
old_0156
old_0157
old_0158
old_0159
old_0164
old_0166
old_0167
old_0168
old_0170
old_0171
old_0173
old_0174
old_0175
old_0176
old_0177
old_0179
old_0180
old_0182
old_0183
old_0185
old_0186
old_0187
old_0189
old_0191
old_0193
old_0194
old_0195
old_0197
old_0199
old_0200
old_0201
old_0202
old_0204
old_0205
old_0206
old_0207
old_0208
old_0210
old_0211
old_0212
old_0213
old_0214
old_0215
old_0216
old_0217
old_0218
old_0219
old_0220
old_0221
old_0223
old_0224
old_0225
old_0226
old_0227
old_0228
old_0229
old_0232
old_0233
old_0234
old_0235
old_0236
old_0239
old_0240
old_0243
old_0244
old_0245
old_0390
old_0465
old_0466
old_0467
old_0469
old_0471
old_0473
old_0490
old_0495
old_0499
old_0516
old_0517
old_0521
old_0525
old_0526
old_0540
