0001
0002
0004
0005
0008
0009
0010
0012
0013
0014
0016
0018
0021
0022
0024
0026
0028
0029
0032
0033
0034
0036
0040
0041
0042
0043
0044
0045
0046
0047
0048
0049
0050
0051
0053
0055
0056
0057
0059
0060
0061
0062
0063
0067
0068
0071
0072
0075
0076
0078
0079
0080
0081
0082
0083
0085
0086
0089
0090
0092
0093
0094
0096
0098
0099
0100
0101
0102
0103
0104
0105
0106
0107
0108
0109
0110
0112
0114
0117
0119
0121
0122
0123
0124
0125
0128
0129
0130
0131
0132
0133
0134
0135
0138
0142
0150
0152
0158
0159
0165
0166
0167
0168
0169
0171
0174
0175
0176
0177
0181
0182
0184
0186
0187
0188
0189
0190
0193
0195
0196
0198
0199
0201
0202
0203
0204
0205
0207
0209
0210
0212
0213
0215
0217
0218
0219
0220
0222
0223
0224
0225
0226
0227
0228
0229
0231
0232
0234
0235
0236
0238
0239
0240
0243
0244
0245
0246
0247
0248
0249
0252
0254
0255
0256
0257
0258
0259
0260
0262
0263
0264
0265
0266
0267
0268
0269
0270
0271
0272
0274
0276
0277
0278
0279
0281
0282
0283
0286
0287
0288
0289
0291
0292
0293
0294
0296
0297
0298
0302
0305
0306
0307
0308
0310
0312
0313
0314
0315
0316
0318
0319
0320
0321
0323
0324
0325
0326
0327
0328
0329
0331
0332
0333
0335
0337
0338
0339
0340
0341
0342
0343
0346
0347
0348
0349
0350
0352
0354
0355
0356
0357
0358
0359
0362
0363
0364
0365
0366
0367
0370
0372
0373
0376
0377
0378
0380
0381
0384
0385
0386
0387
0390
0391
0393
0394
0395
0396
0397
0398
0399
0400
0401
0402
0403
0404
0405
0407
0408
0409
0411
0412
0413
0414
0415
0416
0417
0418
0419
0420
0422
0423
0424
0425
0426
0427
0428
0429
0430
0434
0435
0437
0438
0443
0446
0447
0448
0449
0450
0451
0453
0454
0455
0457
0458
0462
0463
0464
0465
0466
0468
0469
0470
0473
0477
0478
0479
0480
0481
0482
0483
0484
0487
0489
0491
0495
0498
0499
0502
0503
0504
0505
0508
0509
0510
0512
0513
0514
0515
0516
0517
0518
0519
0520
0521
0523
0524
0525
0529
0530
0531
0532
0533
0534
0536
0538
0540
0541
0543
0544
0546
0549
0550
0551
0552
0554
0555
0556
0558
0559
0560
0561
0562
0563
0564
0566
0567
0569
0571
0572
0573
0574
0575
0576
0577
0578
0579
0582
0583
0584
0585
0586
0589
0590
0591
0594
0598
0599
0600
0601
0602
0604
0605
0606
0607
0608
0609
0610
0611
0612
0613
0614
0617
0618
0619
0620
0621
0622
0624
0625
0626
0627
0629
0630
0631
0632
0633
0634
0635
0636
0637
0639
0640
0642
0643
0644
0645
0648
0649
0650
0651
0652
0654
0656
0658
0660
0661
0663
0665
0666
0667
0668
0669
0673
0674
0675
0676
0682
0684
0685
0686
0687
0691
0692
0693
0694
0695
0696
0697
0700
0704
0705
0706
0707
0708
0713
0714
0715
0716
0717
0722
0723
0726
0727
0729
0730
0731
0732
0737
0738
0744
0745
0746
0747
0748
0749
0750
0751
0756
0757
0758
0760
0761
0762
0763
0764
0766
0768
0770
0771
0772
0773
0775
0776
0778
0779
0780
0781
0784
0785
0788
0790
0793
0794
0795
0796
0797
0798
0799
0800
0801
0803
0806
0807
0808
0809
0811
0812
0813
0815
0816
0817
0818
0825
0827
0828
0829
0830
0834
0838
0839
0842
0843
0844
0845
0852
0853
0854
0855
0861
0866
0867
0868
0869
0871
0872
0873
0875
0876
0878
0879
0880
0882
0883
0884
0885
0886
0887
0888
0889
0891
0892
0895
0900
0902
0903
0904
0905
0906
0907
0909
0912
0913
0914
0917
0918
0919
0920
0921
0924
0926
0929
0930
0932
0933
0935
0936
0943
0944
0945
0947
0951
0953
0954
0958
0961
0967
0968
0971
0972
0973
0974
0975
0976
0977
0978
0979
0980
0981
0983
0985
0986
0987
0988
0990
0991
0993
0994
0995
0996
0997
0999
1004
1006
1009
1010
1013
1015
1017
1019
1021
1024
1025
1026
1027
1028
1030
1031
1032
1033
1034
1035
1036
1037
1038
1040
1041
1042
1044
1045
old_00000090L
old_00000330L
old_00000400L
old_00001150L
old_00001235L
old_00001500L
old_00002355L
old_0001
old_00010605L
old_00010690L
old_00011975L
old_0002
old_0003
old_0004
old_0005
old_0006
old_0007
old_0008
old_0009
old_0010
old_0011
old_0012
old_0013
old_0014
old_0015
old_0016
old_0017
old_0018
old_0019
old_0020
old_0021
old_0022
old_0023
old_0024
old_0025
old_0026
old_0027
old_0028
old_0029
old_0030
old_0031
old_0032
old_0033
old_0034
old_0036
old_0037
old_0038
old_0039
old_0040
old_0041
old_0042
old_0043
old_0044
old_0046
old_0047
old_0048
old_0049
old_0050
old_0051
old_0052
old_0053
old_0054
old_0055
old_0057
old_0058
old_0059
old_0060
old_0061
old_0063
old_0065
old_0066
old_0068
old_0069
old_0070
old_0071
old_0072
old_0073
old_0074
old_0077
old_0080
old_0081
old_0082
old_0085
old_0088
old_0089
old_0091
old_0092
old_0093
old_0094
old_0095
old_0096
old_0097
old_0098
old_0099
old_0100
old_0101
old_0102
old_0103
old_0104
old_0105
old_0106
old_0107
old_0108
old_0109
old_0110
old_0111
old_0112
old_0113
old_0114
old_0115
old_0116
old_0117
old_0118
old_0119
old_0120
old_0121
old_0122
old_0123
old_0124
old_0125
old_0126
old_0127
old_0128
old_0129
old_0130
old_0131
old_0132
old_0133
old_0134
old_0135
old_0136
old_0137
old_0138
old_0139
old_0140
old_0141
old_0142
old_0143
old_0153
old_0154
old_0155
old_0156
old_0157
old_0158
old_0159
old_0160
old_0161
old_0162
old_0163
old_0164
old_0165
old_0166
old_0167
old_0168
old_0169
old_0170
old_0171
old_0172
old_0173
old_0174
old_0175
old_0176
old_0177
old_0178
old_0179
old_0180
old_0181
old_0182
old_0183
old_0184
old_0185
old_0186
old_0187
old_0188
old_0189
old_0190
old_0191
old_0192
old_0193
old_0194
old_0195
old_0196
old_0197
old_0198
old_0199
old_0200
old_0201
old_0202
old_0203
old_0204
old_0205
old_0206
old_0207
old_0208
old_0209
old_0210
old_0211
old_0212
old_0213
old_0214
old_0215
old_0216
old_0217
old_0218
old_0219
old_0220
old_0221
old_0222
old_0223
old_0224
old_0225
old_0226
old_0227
old_0228
old_0229
old_0230
old_0231
old_0232
old_0233
old_0234
old_0235
old_0236
old_0237
old_0238
old_0239
old_0240
old_0241
old_0242
old_0243
old_0244
old_0245
old_0246
old_0390
old_0440
old_0469
old_0471
old_0472
old_0473
old_0475
old_0485
old_0490
old_0496
old_0510
old_0519
old_0524
old_0525
old_0526
old_0535
old_0540
